"x"
6.06464415412346
4.55976482126893
10.0405265252534
18.0012940646951
8.23678963104722
9.32859944614461
10.513085114585
6.85106496677648
8.91464730121278
5.58714285261361
21.9122150757675
7.64542942400174
23.2343905834603
6.15290687159294
8.10086504614423
7.40623745965947
5.90047549963024
22.1522896672845
5.55360301997521
16.91742789417
7.88197350681993
5.77602506799828
8.41772820185964
9.82816642702184
6.92608827662553
12.389550487986
8.80431890437594
16.3543117567148
13.2412857115664
4.28905045783041
23.9634406297581
8.84668500876129
4.55305685474125
5.71071065707087
12.0947530116379
6.21733865534565
17.8538953265211
10.7575728419754
22.5371151154514
12.5819632120694
17.2334084227107
14.5475739301146
4.88986738460476
17.4734830142277
12.138001743198
23.8901825742585
19.8848204554937
22.4969555790028
5.96843779208174
7.50509170322528
9.71165963996213
5.41150004484935
25.877858971671
16.4875884600937
10.0885414435568
19.3834882202671
6.14849373571946
7.40623745965947
17.1972207085482
16.3410723490943
8.15823581249939
7.75928832953736
11.8087818070368
5.4044390274518
25.3050339352941
9.52719056045093
5.05491866627268
20.3579086211301
20.8707150096277
23.0379177743732
18.238720774688
15.3516472862615
21.454131572101
8.36388794420326
15.6941066300431
